Epochs,Batch_Size,Filters,Kernel,Learning_Rate,MSE,PearsonCorrelation,IsBestModel
100,32,16 32 64,2,0.0005,0.0009879068331870773,0.979206268174081,True
100,32,16 32 64,2,0.001,0.0006953128815010604,0.985345702543317,True
100,32,16 32 64,2,0.005,0.0003712234753342502,0.9903908119690079,True
100,32,16 32 64,2,0.01,0.0004728501906396335,0.98917661598274,False
100,32,16 32 64,2,0.1,0.000347630286350905,0.9907596721333517,True
100,32,16 32 64,3,0.0005,0.009475193839572293,0.7663173127758498,False
100,32,16 32 64,3,0.001,0.0009798196001468153,0.9905182132327838,False
100,32,16 32 64,3,0.005,0.0003712841810952331,0.9901329160368814,False
100,32,16 32 64,3,0.01,0.00040847409150185783,0.9903687252620312,False
100,32,16 32 64,3,0.1,0.0004408743233451817,0.988221399396217,False
100,32,16 32 64,5,0.0005,0.002276726601592328,0.9704662108216432,False
100,32,16 32 64,5,0.001,0.0006098614896599124,0.9928150545216823,False
100,32,16 32 64,5,0.005,0.0006845308114950817,0.9818762615697001,False
100,32,16 32 64,5,0.01,0.00036304915245142215,0.9919569607392752,True
100,32,16 32 64,5,0.1,0.0005021066057369792,0.9867666575830137,False
100,32,16 32 64,7,0.0005,0.0027813643015577507,0.9315306620677392,False
100,32,16 32 64,7,0.001,0.002463514756650264,0.9592433188563659,False
100,32,16 32 64,7,0.005,0.0005793284478207312,0.9898668156542887,False
100,32,16 32 64,7,0.01,0.00039541038552117137,0.989550800397094,False
100,32,16 32 64,7,0.1,0.0005381313413100083,0.9859945250551823,False
100,32,32 64 128,2,0.0005,0.00796954473144695,0.9554418813212886,False
100,32,32 64 128,2,0.001,0.0006537888087596409,0.9906172172591409,False
100,32,32 64 128,2,0.005,0.0005378660255597969,0.9950184108147161,True
100,32,32 64 128,2,0.01,0.00027370471638582116,0.9936378402308992,True
100,32,32 64 128,2,0.1,0.0004122442459244196,0.9900592726265485,False
100,32,32 64 128,3,0.0005,0.0007470577490870399,0.9871079610975281,False
100,32,32 64 128,3,0.001,0.0007218621208369346,0.9925948780521096,False
100,32,32 64 128,3,0.005,0.000710698257660834,0.9825974131103264,False
100,32,32 64 128,3,0.01,0.0008203880900657429,0.9791665774094627,False
100,32,32 64 128,3,0.1,0.0007694786148049986,0.9918245930363839,False
100,32,32 64 128,5,0.0005,0.003448549646438913,0.9307777346109405,False
100,32,32 64 128,5,0.001,0.0012151819452192127,0.9673483779618681,False
100,32,32 64 128,5,0.005,0.0005042116004587381,0.9911426532580568,False
100,32,32 64 128,5,0.01,0.00826640377485578,0.8886761903593828,False
100,32,32 64 128,5,0.1,0.0006135891504779604,0.9861624466892586,False
100,32,32 64 128,7,0.0005,0.0029602262331561635,0.9635464493555123,False
100,32,32 64 128,7,0.001,0.006598663325024807,0.8750567662456811,False
100,32,32 64 128,7,0.005,0.0004519661481760008,0.9956374308985524,True
100,32,32 64 128,7,0.01,0.00047857322553619637,0.9881909516535373,False
100,32,32 64 128,7,0.1,0.00036835333391283,0.9900336049014062,False
100,32,16 32 64 128,2,0.0005,0.003790404745175454,0.9555933633874423,False
100,32,16 32 64 128,2,0.001,0.0009309094210959371,0.978479130085195,False
100,32,16 32 64 128,2,0.005,0.0004654965296212079,0.9878531764588041,False
100,32,16 32 64 128,2,0.01,0.0010339563713818104,0.9760064483564213,False
100,32,16 32 64 128,2,0.1,0.0006124674322397508,0.9877790312484358,False
100,32,16 32 64 128,3,0.0005,0.0028395566382908165,0.9710433047463549,False
100,32,16 32 64 128,3,0.001,0.0006948276122085045,0.9820608877578106,False
100,32,16 32 64 128,3,0.005,0.00043374949048090967,0.9897561791813189,False
100,32,16 32 64 128,3,0.01,0.0003427006699362031,0.9908130669338215,False
100,32,16 32 64 128,3,0.1,0.0004477069800646993,0.9888329369688943,False
100,32,16 32 64 128,5,0.0005,0.007830051394354524,0.9276234137903866,False
100,32,16 32 64 128,5,0.001,0.003689631521898914,0.9624208195995644,False
100,32,16 32 64 128,5,0.005,0.0006984252115215263,0.9892627296401755,False
100,32,16 32 64 128,5,0.01,0.00045496504209424746,0.9897637067523559,False
100,32,16 32 64 128,5,0.1,0.0004876143467378573,0.9891739716218347,False
100,32,16 32 64 128,7,0.0005,0.0034203917534733315,0.902169577425162,False
100,32,16 32 64 128,7,0.001,0.001786124202332426,0.9578110534846828,False
100,32,16 32 64 128,7,0.005,0.0005866289473553653,0.9907612451380831,False
100,32,16 32 64 128,7,0.01,0.00039768469445690895,0.9908279521722644,False
100,32,16 32 64 128,7,0.1,0.0004801725637008268,0.9878658313822445,False
100,32,32 64 128 256,2,0.0005,0.006917430271062479,0.9534482500859471,False
100,32,32 64 128 256,2,0.001,0.002241832359619466,0.9505672099272682,False
100,32,32 64 128 256,2,0.005,0.0024619337447061265,0.9676000814936851,False
100,32,32 64 128 256,2,0.01,0.0005647212355379536,0.986500391509157,False
100,32,32 64 128 256,2,0.1,0.0015032053078291314,0.9857522503946625,False
100,32,32 64 128 256,3,0.0005,0.007115096313646738,0.8452793596273251,False
100,32,32 64 128 256,3,0.001,0.001577917943509333,0.9843912837713348,False
100,32,32 64 128 256,3,0.005,0.0005799502003653286,0.9851539088820189,False
100,32,32 64 128 256,3,0.01,0.000497399289442168,0.9911880178097702,False
100,32,32 64 128 256,3,0.1,0.0003948056756397086,0.9893705134436058,False
100,32,32 64 128 256,5,0.0005,0.013556741026559257,0.8175370047046852,False
100,32,32 64 128 256,5,0.001,0.006191974182497847,0.8181458292397144,False
100,32,32 64 128 256,5,0.005,0.0009080939399771779,0.9846060125945195,False
100,32,32 64 128 256,5,0.01,0.0019307909081052847,0.9645513750987421,False
100,32,32 64 128 256,5,0.1,0.0002780806301747688,0.9924620108384038,False
100,32,32 64 128 256,7,0.0005,0.029172378884339233,0.8378201318078763,False
100,32,32 64 128 256,7,0.001,0.0013158162806663765,0.9725005987790473,False
100,32,32 64 128 256,7,0.005,0.0004643388531876126,0.9877357908700376,False
100,32,32 64 128 256,7,0.01,0.0005205402054777712,0.9859212568003367,False
100,32,32 64 128 256,7,0.1,0.00046831856398442764,0.9874978415672567,False
100,32,32 32 32,2,0.0005,0.0014861112253923702,0.9759666087560213,False
100,32,32 32 32,2,0.001,0.0028605094480534093,0.9427279354892197,False
100,32,32 32 32,2,0.005,0.00034131529337979205,0.9923186947514595,False
100,32,32 32 32,2,0.01,0.00028219030716792926,0.9928079661311405,False
100,32,32 32 32,2,0.1,0.0005581046611218604,0.9850517822712199,False
100,32,32 32 32,3,0.0005,0.11100273130959362,0.5502768112936223,False
100,32,32 32 32,3,0.001,0.0008123392849932846,0.9806473200493406,False
100,32,32 32 32,3,0.005,0.0003159051722827984,0.9918018200114342,False
100,32,32 32 32,3,0.01,0.0013488634255614954,0.9739333202111796,False
100,32,32 32 32,3,0.1,0.00047037385399145416,0.9878899386186131,False
100,32,32 32 32,5,0.0005,0.002431799486560234,0.9320623789426623,False
100,32,32 32 32,5,0.001,0.0012651835012202598,0.9784014966725035,False
100,32,32 32 32,5,0.005,0.0006929429399148143,0.9927407325082375,False
100,32,32 32 32,5,0.01,0.0003383034185040583,0.9914668230941098,False
100,32,32 32 32,5,0.1,0.0005594980130050951,0.9856576041284209,False
100,32,32 32 32,7,0.0005,0.0076269457144875815,0.8055504948876229,False
100,32,32 32 32,7,0.001,0.0054797935689324204,0.9008470888315342,False
100,32,32 32 32,7,0.005,0.00029960864536413364,0.9925141158797294,False
100,32,32 32 32,7,0.01,0.00043464671723658887,0.9884525049449335,False
100,32,32 32 32,7,0.1,0.000782332879215108,0.9800708241900079,False
100,32,64 64 64,2,0.0005,0.013258472067094235,0.94210264318389,False
100,32,64 64 64,2,0.001,0.0017757439871972532,0.954090775717531,False
100,32,64 64 64,2,0.005,0.0004993847953261557,0.990544478637202,False
100,32,64 64 64,2,0.01,0.0003762674428489825,0.990791147078585,False
100,32,64 64 64,2,0.1,0.000415106951776694,0.9890656068968466,False
100,32,64 64 64,3,0.0005,0.004015386552013835,0.9340058804323617,False
100,32,64 64 64,3,0.001,0.0012657903532942037,0.9926345425954869,False
100,32,64 64 64,3,0.005,0.00027534730671472367,0.9929888077556669,False
100,32,64 64 64,3,0.01,0.0006699352548692316,0.9854845739261392,False
100,32,64 64 64,3,0.1,0.0006647511579342048,0.9854035281666309,False
100,32,64 64 64,5,0.0005,0.009723698170803529,0.8414513686486544,False
100,32,64 64 64,5,0.001,0.0032501367440116837,0.9144743578405407,False
100,32,64 64 64,5,0.005,0.0004029728046893978,0.9925597011911452,False
100,32,64 64 64,5,0.01,0.0004812437474916879,0.9885281036140885,False
100,32,64 64 64,5,0.1,0.0005265653700517748,0.9861985990944132,False
100,32,64 64 64,7,0.0005,0.0027819963850700177,0.9511790987068035,False
100,32,64 64 64,7,0.001,0.0010782086080422142,0.9758531919846192,False
100,32,64 64 64,7,0.005,0.000992298736979417,0.9939646907708934,False
100,32,64 64 64,7,0.01,0.0007600569389336053,0.9804448830048974,False
100,32,64 64 64,7,0.1,0.0004036329103006496,0.9893684267835703,False
100,32,128 128 128,2,0.0005,0.001821272159954814,0.975416819331381,False
100,32,128 128 128,2,0.001,0.0004745175133518291,0.993637859747067,False
100,32,128 128 128,2,0.005,0.0005567089257296711,0.9909702399611175,False
100,32,128 128 128,2,0.01,0.0006382236141827226,0.9877514458692748,False
100,32,128 128 128,2,0.1,0.00038384459678616714,0.9902064641820575,False
100,32,128 128 128,3,0.0005,0.035062695280607126,0.8493235371979336,False
100,32,128 128 128,3,0.001,0.007889387178318805,0.8975134063943528,False
100,32,128 128 128,3,0.005,0.00028250167704293186,0.9931769743728996,False
100,32,128 128 128,3,0.01,0.0008198423290031623,0.9782835659307667,False
100,32,128 128 128,3,0.1,0.0004451791909203504,0.9886530649923448,False
100,32,128 128 128,5,0.0005,0.005202717738394939,0.8806000034711956,False
100,32,128 128 128,5,0.001,0.004199687744764163,0.9572421608912505,False
100,32,128 128 128,5,0.005,0.0004691457003095981,0.9886143987656604,False
100,32,128 128 128,5,0.01,0.000611709782952493,0.9879436635378298,False
100,32,128 128 128,5,0.1,0.00046426035760230186,0.9873278661185296,False
100,32,128 128 128,7,0.0005,0.007403489113248946,0.9380134739929167,False
100,32,128 128 128,7,0.001,0.0007136900214069054,0.9848185345481996,False
100,32,128 128 128,7,0.005,0.0007730778798456441,0.9828189085159035,False
100,32,128 128 128,7,0.01,0.00030126843522175777,0.992061229502581,False
100,32,128 128 128,7,0.1,0.00052268367803485,0.9863679099472097,False
100,32,16 64 256 1024,2,0.0005,0.0042818560488844925,0.9250749008774859,False
100,32,16 64 256 1024,2,0.001,0.0004975872219454703,0.9887970493734407,False
100,32,16 64 256 1024,2,0.005,0.001337348310908839,0.9804031811720364,False
100,32,16 64 256 1024,2,0.01,0.0004280795007111705,0.9892389064036237,False
100,32,16 64 256 1024,2,0.1,0.00034810206255508436,0.9922272249787565,False
100,32,16 64 256 1024,3,0.0005,0.004512908412540026,0.8751806700267931,False
100,32,16 64 256 1024,3,0.001,0.003459916218320723,0.9088311030982567,False
100,32,16 64 256 1024,3,0.005,0.00046579917655815403,0.9878515592022842,False
100,32,16 64 256 1024,3,0.01,0.0004130655187341759,0.9902318869062541,False
100,32,16 64 256 1024,3,0.1,0.0005628877717862844,0.985317116634294,False
100,32,16 64 256 1024,5,0.0005,0.004385390799571178,0.9413951663217874,False
100,32,16 64 256 1024,5,0.001,0.002199429213478779,0.9621499874967929,False
100,32,16 64 256 1024,5,0.005,0.0005205778687095185,0.9938458588022386,False
100,32,16 64 256 1024,5,0.01,0.0003735316506002336,0.9943947807316866,False
100,32,16 64 256 1024,5,0.1,0.003607186080026041,0.9550657116756861,False
100,32,16 64 256 1024,7,0.0005,0.008183658322564614,0.7970889425182032,False
100,32,16 64 256 1024,7,0.001,0.0006134512439303244,0.9905216456861201,False
100,32,16 64 256 1024,7,0.005,0.0008745847212076912,0.9821216368419167,False
100,32,16 64 256 1024,7,0.01,0.0008566611657066021,0.9777042748874671,False
100,32,16 64 256 1024,7,0.1,0.0015553540546094514,0.9733155438400571,False
100,32,32 128 512 2048,2,0.0005,0.004133103968182131,0.9004993832581688,False
100,32,32 128 512 2048,2,0.001,0.001490031811383312,0.9660565034956001,False
100,32,32 128 512 2048,2,0.005,0.00037010451174214194,0.9939874576745993,False
100,32,32 128 512 2048,2,0.01,0.0008655947056668897,0.9780479859275991,False
100,32,32 128 512 2048,2,0.1,0.0004256142284634345,0.9898064741939496,False
100,32,32 128 512 2048,3,0.0005,0.007163168679680902,0.8674769334700569,False
100,32,32 128 512 2048,3,0.001,0.019656284742168028,0.8919753599169254,False
100,32,32 128 512 2048,3,0.005,0.00026514008392316434,0.9935840439408927,False
100,32,32 128 512 2048,3,0.01,0.0005265494154488241,0.9871449355468314,False
100,32,32 128 512 2048,3,0.1,0.0006522104498910933,0.985591869873841,False
100,32,32 128 512 2048,5,0.0005,0.008551497751131043,0.9190602674068656,False
100,32,32 128 512 2048,5,0.001,0.0013305132913246564,0.9799271734786359,False
100,32,32 128 512 2048,5,0.005,0.0008975628033951191,0.9921375350493141,False
100,32,32 128 512 2048,5,0.01,0.0004583497419966825,0.9898985232256676,False
100,32,32 128 512 2048,5,0.1,0.0003743242379560404,0.9923009861906209,False
100,32,32 128 512 2048,7,0.0005,0.019437859341695906,0.4138057469881328,False
100,32,32 128 512 2048,7,0.001,0.003472220937296807,0.9205268784907854,False
100,32,32 128 512 2048,7,0.005,0.0002835397485319862,0.9925217073662327,False
100,32,32 128 512 2048,7,0.01,0.0005623888027858275,0.9883210279380591,False
100,32,32 128 512 2048,7,0.1,0.0010064592527202641,0.9752786568655122,False
100,32,64 256 1024 4096,2,0.0005,0.003373986066818743,0.9379121664973105,False
100,32,64 256 1024 4096,2,0.001,0.0009629359947983826,0.9786955765263222,False
100,32,64 256 1024 4096,2,0.005,0.00037670095723831855,0.9945477128822796,False
100,32,64 256 1024 4096,2,0.01,0.00036172667786709767,0.9910564556910746,False
100,32,64 256 1024 4096,2,0.1,0.0005341358171691796,0.9861567917675775,False
100,32,64 256 1024 4096,3,0.0005,0.004112201326722932,0.9587489173821244,False
100,32,64 256 1024 4096,3,0.001,0.001643575094819559,0.975709029828076,False
100,32,64 256 1024 4096,3,0.005,0.0013812255448932367,0.9853998689305973,False
100,32,64 256 1024 4096,3,0.01,0.0006365224212764587,0.9835137864213068,False
100,32,64 256 1024 4096,3,0.1,0.0013361904254981683,0.9681558524832663,False
100,32,64 256 1024 4096,5,0.0005,0.011363151156885801,0.9355195132822874,False
100,32,64 256 1024 4096,5,0.001,0.005488295667758918,0.9483642905747542,False

