Eppchs,Batch_Size,NumberOfChannels,Filters,Learning_Rate,MSE,PearsonCorrelation,IsBestModel
30,32,2,25,3,0.0005,0.0022897659047228396,0.9548149503942516, True
30,32,2,64,3,0.0005,0.0041887615064889975,0.9442851833439763, False
30,32,2,100,3,0.0005,0.003575733714742832,0.951478131666831, False
30,32,3,25,3,0.0005,0.0018314762100783129,0.9502010434354922, True
30,32,3,64,3,0.0005,0.0016519493982775596,0.9768866385340587, True
30,32,3,100,3,0.0005,0.0016141286957579032,0.9773601015181637, True
30,32,4,25,3,0.0005,0.001236334122405293,0.9878846084080645, True
30,32,4,64,3,0.0005,0.0012707647651887736,0.9920247502757273, True
30,32,4,100,3,0.0005,0.00034639552235068456,0.99241649217518, True
30,32,5,25,3,0.0005,0.0008466653470269331,0.9929227681959425, False
30,32,5,64,3,0.0005,0.0009575087756036924,0.9928344533152879, False
30,32,5,100,3,0.0005,0.0008205677955558032,0.994674640714606, False
30,32,6,25,3,0.0005,0.001914302528915972,0.9922791893499908, False
30,32,6,64,3,0.0005,0.0006346999800460482,0.9949276942447122, True
30,32,6,100,3,0.0005,0.0004926640971198239,0.9963313790470151, True
30,32,7,25,3,0.0005,0.0008177989092487752,0.9950350043255942, False
30,32,7,64,3,0.0005,0.0016924372407709414,0.9956592598887547, False
30,32,7,100,3,0.0005,0.0014659369342716155,0.9940695701618361, False
30,32,8,25,3,0.0005,0.0012050192885302128,0.9932178691801854, False
30,32,8,64,3,0.0005,0.0021000432219437076,0.9942728857378362, False
30,32,8,100,3,0.0005,0.0023525282159729995,0.9966090918198366, False
30,32,2,25,3,0.001,0.002065261344094713,0.9461411538956104, False
30,32,2,64,3,0.001,0.0025824196291158136,0.9473039858122622, False
30,32,2,100,3,0.001,0.002135235062464298,0.9432941118472146, False
30,32,3,25,3,0.001,0.002222222127596665,0.9545604211900304, False
30,32,3,64,3,0.001,0.0017614240282680226,0.9769358195369204, False
30,32,3,100,3,0.001,0.001345923373117501,0.970319782912792, False
30,32,4,25,3,0.001,0.002062831270347747,0.987041259412988, False
30,32,4,64,3,0.001,0.0016674657408667388,0.99004814228801, False
30,32,4,100,3,0.001,0.00048444606957621336,0.991192585654156, False
30,32,5,25,3,0.001,0.0007825451753847842,0.9930014466504248, False
30,32,5,64,3,0.001,0.0015084051050053631,0.9945696227840881, False
30,32,5,100,3,0.001,0.00019773578292502612,0.9957025391199811, True
30,32,6,25,3,0.001,0.0008311198921669176,0.9945709435013879, False
30,32,6,64,3,0.001,0.001231367804875192,0.9948084749047881, False
30,32,6,100,3,0.001,0.000254878348395951,0.9964127634941393, True
30,32,7,25,3,0.001,0.0009264501553013817,0.9955736285757238, False
30,32,7,64,3,0.001,0.0006527047018276818,0.9942680564030002, False
30,32,7,100,3,0.001,0.0003717143604445637,0.9960754887963382, False
30,32,8,25,3,0.001,0.0004417505641109947,0.9931054409500958, False
30,32,8,64,3,0.001,0.0008080142703085281,0.9928591184559629, False
30,32,8,100,3,0.001,0.00024825605995914987,0.9970220754318382, True
30,32,2,25,3,0.01,0.001884157498062906,0.9553327657822797, False
30,32,2,64,3,0.01,0.002418813940891399,0.9572271303115685, False
30,32,2,100,3,0.01,0.002047496255898267,0.9558946588361864, False
30,32,3,25,3,0.01,0.0018260554790587818,0.9575227987991036, False
30,32,3,64,3,0.01,0.0016844113383892732,0.9558823511968821, False
30,32,3,100,3,0.01,0.0040025148667080365,0.9746137365536253, False
30,32,4,25,3,0.01,0.0005607327907545657,0.9888183992979314, False
30,32,4,64,3,0.01,0.0006075276316950808,0.9884647461620926, False
30,32,4,100,3,0.01,0.0008308903910175345,0.9858262528626978, False
30,32,5,25,3,0.01,0.0006743187357754159,0.9896488486105597, False
30,32,5,64,3,0.01,0.000552473519091649,0.9937179541235676, False
30,32,5,100,3,0.01,0.000614144735046943,0.9931729913750823, False
30,32,6,25,3,0.01,0.0003921976754829443,0.9946277103428871, False
30,32,6,64,3,0.01,0.000454458901072482,0.9952135018264086, False
30,32,6,100,3,0.01,0.00031311336253449625,0.9960194682255497, False
30,32,7,25,3,0.01,0.0003052773185194508,0.9946716021434678, False
30,32,7,64,3,0.01,0.000247609218392628,0.9931438203205754, False
30,32,7,100,3,0.01,0.0002983466239130642,0.995300012503662, False
30,32,8,25,3,0.01,0.0002076213302254657,0.9951614304055365, False
30,32,8,64,3,0.01,0.0003690442316291058,0.992637096887746, False
30,32,8,100,3,0.01,0.0011789713912745859,0.9953486585561363, False
30,32,2,25,3,0.1,0.0030284598595159773,0.9496962386724527, False
30,32,2,64,3,0.1,0.0027290112935517883,0.9535169078709398, False
30,32,2,100,3,0.1,0.0022080334952028686,0.9460158792480543, False
30,32,3,25,3,0.1,0.0019641141254214834,0.954432956467992, False
30,32,3,64,3,0.1,0.0020060075139166984,0.9473693005925267, False
30,32,3,100,3,0.1,0.0023425012520120066,0.9438469862451812, False
30,32,4,25,3,0.1,0.002184821994049569,0.9473559753724651, False
30,32,4,64,3,0.1,0.0020621539213976107,0.9447361530772382, False
30,32,4,100,3,0.1,0.002709636870560433,0.9394863410517417, False
30,32,5,25,3,0.1,0.00046011637345271493,0.9901540072587851, False
30,32,5,64,3,0.1,0.0018668583765679043,0.9501092788923695, False
30,32,5,100,3,0.1,0.0019739493150747823,0.9443642792984445, False
30,32,6,25,3,0.1,0.0007229721694235282,0.9809925372281143, False
30,32,6,64,3,0.1,0.0027418508416846175,0.9499858271530587, False
30,32,6,100,3,0.1,0.0023431113154890695,0.9523097401081013, False
30,32,7,25,3,0.1,0.0023943857329145487,0.9498408680724862, False
30,32,7,64,3,0.1,0.0009202039791656409,0.9771541763033302, False
30,32,7,100,3,0.1,0.0033530993688130895,0.9787678701124206, False
30,32,8,25,3,0.1,0.0010092057194806443,0.9796506564700563, False
30,32,8,64,3,0.1,0.0022123411149313752,0.9453446944270105, False
30,32,8,100,3,0.1,0.0017939110972085295,0.9566522088927643, False
70,32,2,25,3,0.0005,0.002016040365246553,0.9497494016441621, False
70,32,2,64,3,0.0005,0.0038836175950276663,0.9487004392815064, False
70,32,2,100,3,0.0005,0.001620648766825559,0.9561608706686385, False
70,32,3,25,3,0.0005,0.0036025863736358745,0.9454331355666031, False
70,32,3,64,3,0.0005,0.0010318691809714114,0.9811063067927565, False
70,32,3,100,3,0.0005,0.0011804774381078765,0.9815491168244921, False
70,32,4,25,3,0.0005,0.00047809313980843227,0.9897269469809202, False
70,32,4,64,3,0.0005,0.0009440645892479315,0.9928983278706329, False
70,32,4,100,3,0.0005,0.0011843167477043252,0.993551234230194, False
70,32,5,25,3,0.0005,0.001481520082903515,0.9946949087085802, False
70,32,5,64,3,0.0005,0.000808915859457542,0.9944905291310142, False
70,32,5,100,3,0.0005,0.0007382140289026354,0.996132173754486, False
70,32,6,25,3,0.0005,0.0003292610418962165,0.9958982989002639, False
70,32,6,64,3,0.0005,0.0019043486598683552,0.9971739849035155, False
70,32,6,100,3,0.0005,0.0009709539485526726,0.9962478831518561, False
70,32,7,25,3,0.0005,0.0011517778719698519,0.9959664897117902, False
70,32,7,64,3,0.0005,0.0005330036700360342,0.996057344666993, False
70,32,7,100,3,0.0005,0.0011306794252824558,0.9975892805129564, False
70,32,8,25,3,0.0005,0.00045532730423571914,0.9967310652237422, False
70,32,8,64,3,0.0005,0.00019179633139759764,0.9966608869875666, True
70,32,8,100,3,0.0005,0.0008406521596385691,0.9969922727537509, False
70,32,2,25,3,0.001,0.002097161752224228,0.9545952321669143, False
70,32,2,64,3,0.001,0.0018321153802085869,0.9543919842289192, False
70,32,2,100,3,0.001,0.0015906437736515216,0.9559436380598596, False
70,32,3,25,3,0.001,0.0008120192250178409,0.9789068657187154, False
70,32,3,64,3,0.001,0.0014626233875410443,0.98200970864995, False
70,32,3,100,3,0.001,0.0007401471076733366,0.9812535676675977, False
70,32,4,25,3,0.001,0.00040933346698712476,0.9918041681089838, False
70,32,4,64,3,0.001,0.00107987116616109,0.992645883857674, False
70,32,4,100,3,0.001,0.0005837592395927481,0.9913674615296383, False
70,32,5,25,3,0.001,0.0006700091671756778,0.9930944184747819, False
70,32,5,64,3,0.001,0.0002642206655589402,0.9953443587915484, False
70,32,5,100,3,0.001,0.0012875961101445497,0.9971064172605529, False
70,32,6,25,3,0.001,0.0014716413066949586,0.9958745420650399, False
70,32,6,64,3,0.001,0.001101697314877658,0.9969197535567076, False
70,32,6,100,3,0.001,0.0019815798365205657,0.9969492978260498, False
70,32,7,25,3,0.001,0.003289931665350019,0.9949045513553969, False
70,32,7,64,3,0.001,0.0010858794033107113,0.9934964353097049, False
70,32,7,100,3,0.001,0.0023637556101628442,0.996494957121456, False
70,32,8,25,3,0.001,0.0010149858885283181,0.9950981789737839, False
70,32,8,64,3,0.001,0.000309222953542092,0.9960466687930734, False
70,32,8,100,3,0.001,0.0004262805539569635,0.9968336651345276, False
70,32,2,25,3,0.01,0.0015282585343895586,0.9572210511867494, False
70,32,2,64,3,0.01,0.0016280100184939378,0.9569356320815089, False
70,32,2,100,3,0.01,0.001634543694030901,0.9557957586473842, False
70,32,3,25,3,0.01,0.0008697474350789168,0.9781493444759723, False
70,32,3,64,3,0.01,0.0017995291264467316,0.9561190715307061, False
70,32,3,100,3,0.01,0.0007848637459619633,0.9816826045208956, False
70,32,4,25,3,0.01,0.00035374360286223854,0.9914613173830716, False
70,32,4,64,3,0.01,0.00032123758865145477,0.993331397917046, False
70,32,4,100,3,0.01,0.00022766872902471656,0.9941584349534989, False
70,32,5,25,3,0.01,0.000491238657705732,0.9927199071066843, False
70,32,5,64,3,0.01,0.00016849086641751858,0.9962127182162264, False
70,32,5,100,3,0.01,0.0001395154897123257,0.9962080972909493, True
70,32,6,25,3,0.01,0.00017604724224225295,0.9955791835480496, False
70,32,6,64,3,0.01,0.00017121502851592566,0.9965211650594378, False
70,32,6,100,3,0.01,0.00010233124728613933,0.9973658491003199, True
70,32,7,25,3,0.01,0.00014029593345639402,0.9964073128221814, False
70,32,7,64,3,0.01,0.00014268582020040993,0.9964070335388676, False
70,32,7,100,3,0.01,0.00010078145468420813,0.9974234817267786, True
70,32,8,25,3,0.01,0.0002908729737886089,0.9968363497456707, False
70,32,8,64,3,0.01,0.00015567668352345498,0.9966819046129294, False
70,32,8,100,3,0.01,0.00016429596835659867,0.9966759891537653, False
70,32,2,25,3,0.1,0.0036165736694862764,0.9100405478327768, False
70,32,2,64,3,0.1,0.0029274745525864946,0.9424025832591713, False
70,32,2,100,3,0.1,0.003281109696065427,0.9113156129919424, False
70,32,3,25,3,0.1,0.003690889284050957,0.9100494698498492, False
70,32,3,64,3,0.1,0.0019575898528776028,0.9447173182222448, False
70,32,3,100,3,0.1,0.0025670298436135434,0.9362557996330503, False
70,32,4,25,3,0.1,0.0024837687449435287,0.9373328127543533, False
70,32,4,64,3,0.1,0.002344378127493014,0.9393169265369007, False
70,32,4,100,3,0.1,0.0019499064471501103,0.9464168724018412, False
70,32,5,25,3,0.1,0.0010051967896004335,0.9794412220985304, False
70,32,5,64,3,0.1,0.0011651028882857014,0.9694874512258206, False
70,32,5,100,3,0.1,0.0024310295428480915,0.9463456335657066, False
70,32,6,25,3,0.1,0.0009736468527217636,0.9739661163706634, False
70,32,6,64,3,0.1,0.0017952416153383458,0.9512417178001161, False
70,32,6,100,3,0.1,0.0009989004255225925,0.9794058748966556, False
70,32,7,25,3,0.1,0.0015848079256618834,0.9836458899215222, False
70,32,7,64,3,0.1,0.00041967558511244645,0.9891183304950248, False
70,32,7,100,3,0.1,0.0005988887616273443,0.9856035681579486, False
70,32,8,25,3,0.1,0.002523949261201227,0.9855692679111011, False
70,32,8,64,3,0.1,0.0007859167093310817,0.9781337888012724, False
70,32,8,100,3,0.1,0.0018707541939828737,0.9477821120255672, False
200,32,2,25,3,0.0005,0.0020036940113153773,0.945455468979684, False
200,32,2,64,3,0.0005,0.0018541040562339082,0.9487635118154458, False
200,32,2,100,3,0.0005,0.0026598434271083954,0.9444009501752304, False
200,32,3,25,3,0.0005,0.0010663493461838544,0.9722537316464178, False
200,32,3,64,3,0.0005,0.000935744070534421,0.974562110933789, False
200,32,3,100,3,0.0005,0.000963384805949256,0.9755410855028293, False
200,32,4,25,3,0.0005,0.0005447110583897405,0.985145362532754, False
200,32,4,64,3,0.0005,0.0004988220555140815,0.9860274151470769, False
200,32,4,100,3,0.0005,0.0008233966623003111,0.9862451344342225, False
200,32,5,25,3,0.0005,0.00043719516311970305,0.9924053361213954, False
200,32,5,64,3,0.0005,0.000370779425801985,0.9925707692672973, False
200,32,5,100,3,0.0005,0.00023434076588085297,0.9941724270957735, False
200,32,6,25,3,0.0005,0.000281603012191125,0.9962581109831518, False
200,32,6,64,3,0.0005,0.000291203168692694,0.9959804734255813, False
200,32,6,100,3,0.0005,0.00019932318329796413,0.9966447970897269, False
200,32,7,25,3,0.0005,0.0003764585636887495,0.9961868121442318, False
200,32,7,64,3,0.0005,0.00021996617013536802,0.9969865736543803, False
200,32,7,100,3,0.0005,0.0006401448073678274,0.9972365670801803, False
200,32,8,25,3,0.0005,0.0003518190554175883,0.9970605081275309, False
200,32,8,64,3,0.0005,0.00011265242948972328,0.9974989194026281, False
200,32,8,100,3,0.0005,0.0002986193189850493,0.9973252868976793, False
200,32,2,25,3,0.001,0.0018415887724608242,0.9462759255157666, False
200,32,2,64,3,0.001,0.0020408864826513312,0.9486601268758381, False
200,32,2,100,3,0.001,0.0018426692267456614,0.9480262504851548, False
200,32,3,25,3,0.001,0.001059056189932006,0.9717544269988927, False
200,32,3,64,3,0.001,0.0009135510304477116,0.974486090385812, False
200,32,3,100,3,0.001,0.0009985031399191925,0.9747956921802963, False
200,32,4,25,3,0.001,0.0005499241367002264,0.985917927477475, False
200,32,4,64,3,0.001,0.0006808983482619946,0.9853172426123838, False
200,32,4,100,3,0.001,0.0005871623615755874,0.98603037987803, False
200,32,5,25,3,0.001,0.0003816365943589205,0.9929362589978563, False
200,32,5,64,3,0.001,0.0005376944958733787,0.9933431572635915, False
200,32,5,100,3,0.001,0.0005525136400496867,0.9940229693681072, False
200,32,6,25,3,0.001,0.0001843602962015403,0.9959483075644269, False
200,32,6,64,3,0.001,0.0002036103578666824,0.9965748714205281, False
200,32,6,100,3,0.001,0.00026834844453418525,0.9970720080168594, False
200,32,7,25,3,0.001,0.00015054155261522975,0.9968156266314261, False
200,32,7,64,3,0.001,0.0007256945737151882,0.9970291217468491, False
200,32,7,100,3,0.001,0.0003211021327483949,0.9968157391443598, False
200,32,8,25,3,0.001,0.0002710235706341474,0.9962657715665513, False
200,32,8,64,3,0.001,0.0004375431647078034,0.9972275950672927, False
200,32,8,100,3,0.001,0.00037025452342587733,0.9970749011569351, False
200,32,2,25,3,0.01,0.00190640046758533,0.9482940382112003, False
200,32,2,64,3,0.01,0.0018101057171936127,0.9481877759748655, False
200,32,2,100,3,0.01,0.0020086872513075753,0.9467045811816934, False
200,32,3,25,3,0.01,0.0024387338363897363,0.9515304485672469, False
200,32,3,64,3,0.01,0.0012603206644126058,0.9639862429721108, False
200,32,3,100,3,0.01,0.0018134188708902857,0.9596787522818883, False
200,32,4,25,3,0.01,0.0008891626579897112,0.9796489255227516, False
200,32,4,64,3,0.01,0.0006451462166837083,0.9824575476700963, False
200,32,4,100,3,0.01,0.000754341811681695,0.9791660640661465, False
200,32,5,25,3,0.01,0.0004012208583008757,0.9899696862015227, False
200,32,5,64,3,0.01,0.0008252027057695608,0.9903003991180722, False
200,32,5,100,3,0.01,0.0003211148302624525,0.9926953040939059, False
200,32,6,25,3,0.01,0.0004182000679801752,0.9950507059036782, False
200,32,6,64,3,0.01,0.00019148266389513955,0.9957542958223008, False
200,32,6,100,3,0.01,0.0001677220098525157,0.9954299306715315, False
200,32,7,25,3,0.01,0.00033064632689274457,0.9959691781437842, False
200,32,7,64,3,0.01,0.00027414276517717315,0.9958047915350217, False
200,32,7,100,3,0.01,0.00018998854390617518,0.9946368537507793, False
200,32,8,25,3,0.01,0.0002447978943638396,0.9937485609939531, False
200,32,8,64,3,0.01,0.0003429372338069181,0.9966140413943181, False
200,32,8,100,3,0.01,0.00029578411380293355,0.9918342980810757, False
200,32,2,25,3,0.1,0.01763934165959799,nan, False
200,32,2,64,3,0.1,0.004688380070243984,0.8649448790216223, False
200,32,2,100,3,0.1,0.010096542782495867,0.8118297622426055, False
